181 1 1
-0.996389
0.011344
-0.979667
0.063836
-0.974389
0.080373
-0.966056
0.106438
-0.952389
0.149018
-0.937389
0.195433
-0.921611
0.243784
-0.911278
0.275134
-0.906611
0.289199
-0.899500
0.310511
-0.887500
0.346117
-0.882278
0.361462
-0.873722
0.386389
-0.859222
0.427989
-0.847500
0.460974
-0.843611
0.471781
-0.836889
0.490295
-0.830056
0.508891
-0.818056
0.540974
-0.809056
0.564535
-0.803500
0.578854
-0.790944
0.610560
-0.786611
0.621285
-0.777667
0.643055
-0.759667
0.685310
-0.743389
0.721639
-0.728500
0.753219
-0.725333
0.759725
-0.715889
0.778681
-0.704889
0.799894
-0.699444
0.810042
-0.685167
0.835520
-0.671667
0.858065
-0.664333
0.869667
-0.650278
0.890610
-0.643500
0.900091
-0.625444
0.923344
-0.606778
0.944262
-0.603333
0.947768
-0.588556
0.961550
-0.572833
0.973936
-0.560389
0.982058
-0.541167
0.991649
-0.531111
0.995227
-0.526000
0.996666
-0.515111
0.998873
-0.501111
0.999994
-0.495333
0.999893
-0.482278
0.998450
-0.468056
0.994969
-0.455222
0.990122
-0.441889
0.983382
-0.429444
0.975535
-0.420611
0.969059
-0.410722
0.960924
-0.401444
0.952449
-0.396722
0.947824
-0.384833
0.935259
-0.381056
0.930992
-0.372778
0.921185
-0.357556
0.901531
-0.349333
0.890054
-0.332667
0.864976
-0.326000
0.854277
-0.315389
0.836477
-0.308611
0.824620
-0.300167
0.809325
-0.290500
0.791117
-0.288000
0.786288
-0.267944
0.745825
-0.264556
0.738691
-0.249111
0.705129
-0.231278
0.664318
-0.215889
0.627420
-0.205444
0.601536
-0.197278
0.580845
-0.182167
0.541561
-0.171778
0.513841
-0.163500
0.491360
-0.152000
0.459580
-0.147444
0.446823
-0.133111
0.406099
-0.127722
0.390570
-0.121500
0.372502
-0.101278
0.312832
-0.092333
0.286023
-0.075611
0.235312
-0.066056
0.206033
-0.047500
0.148672
-0.036000
0.112856
-0.026167
0.082112
-0.010444
0.032806
-0.002167
0.006807
0.015611
-0.049024
0.031111
-0.097583
0.044167
-0.138309
0.058611
-0.183093
0.063778
-0.199026
0.070778
-0.220527
0.087333
-0.270936
0.097111
-0.300373
0.103611
-0.319786
0.114722
-0.352658
0.125611
-0.384456
0.127778
-0.390731
0.147500
-0.446979
0.150778
-0.456166
0.170833
-0.511293
0.182500
-0.542442
0.188500
-0.558180
0.200167
-0.588209
0.213889
-0.622515
0.232556
-0.667313
0.234111
-0.670945
0.247611
-0.701780
0.256278
-0.720914
0.266389
-0.742561
0.271778
-0.753793
0.280722
-0.771958
0.292667
-0.795262
0.309278
-0.825803
0.321056
-0.846100
0.332778
-0.865152
0.342056
-0.879399
0.345111
-0.883929
0.351111
-0.892586
0.357667
-0.901682
0.376167
-0.925276
0.392556
-0.943570
0.399278
-0.950353
0.409333
-0.959707
0.423778
-0.971466
0.437611
-0.980853
0.451333
-0.988335
0.465167
-0.994018
0.482389
-0.998470
0.484222
-0.998772
0.490111
-0.999517
0.506611
-0.999784
0.526722
-0.996478
0.540444
-0.991939
0.546889
-0.989170
0.553833
-0.985733
0.560667
-0.981893
0.572056
-0.974488
0.580889
-0.967885
0.587667
-0.962313
0.596167
-0.954709
0.600056
-0.951003
0.621444
-0.928096
0.635889
-0.910251
0.645278
-0.897643
0.651889
-0.888297
0.670500
-0.859941
0.678556
-0.846751
0.687833
-0.830887
0.691722
-0.824027
0.700500
-0.808093
0.713333
-0.783693
0.725167
-0.760066
0.732222
-0.745476
0.744611
-0.718976
0.766167
-0.670297
0.778611
-0.640780
0.799167
-0.589901
0.809222
-0.564103
0.815056
-0.548877
0.821722
-0.531251
0.834167
-0.497731
0.853055
-0.445417
0.867278
-0.404982
0.881722
-0.363088
0.892222
-0.332161
0.904333
-0.296041
0.921111
-0.245308
0.929722
-0.218995
0.941056
-0.184123
0.945500
-0.170381
0.964889
-0.110081
0.967833
-0.100883
0.979667
-0.063835
