190 1 1
-0.997056
0.009250
-0.990167
0.030887
-0.984833
0.047629
-0.982889
0.053730
-0.976111
0.074979
-0.956111
0.137445
-0.952722
0.147982
-0.938000
0.193549
-0.917556
0.256121
-0.908111
0.284685
-0.904611
0.295208
-0.892000
0.332820
-0.887667
0.345626
-0.871278
0.393461
-0.859167
0.428147
-0.844944
0.468084
-0.838611
0.485573
-0.831389
0.505281
-0.822000
0.530511
-0.804611
0.576004
-0.798611
0.591310
-0.792778
0.605988
-0.773778
0.652363
-0.767111
0.668092
-0.760167
0.684165
-0.750667
0.705624
-0.740389
0.728132
-0.737778
0.733730
-0.716833
0.776816
-0.705889
0.798005
-0.703333
0.802817
-0.687611
0.831276
-0.680333
0.843766
-0.670944
0.859228
-0.655500
0.883030
-0.644889
0.898181
-0.630833
0.916712
-0.627722
0.920573
-0.613111
0.937525
-0.607111
0.943916
-0.603389
0.947713
-0.593611
0.957067
-0.583722
0.965609
-0.583000
0.966196
-0.562722
0.980649
-0.548722
0.988308
-0.534000
0.994301
-0.519167
0.998188
-0.516556
0.998648
-0.500000
1.000000
-0.493500
0.999792
-0.487222
0.999194
-0.471556
0.996010
-0.451167
0.988255
-0.448778
0.987080
-0.430167
0.976031
-0.416111
0.965473
-0.401611
0.952608
-0.394167
0.945234
-0.378278
0.927771
-0.362333
0.907924
-0.350889
0.892271
-0.335667
0.869667
-0.321889
0.847493
-0.315778
0.837146
-0.307667
0.822938
-0.300222
0.809427
-0.294778
0.799265
-0.282222
0.774945
-0.262056
0.733374
-0.259833
0.728610
-0.244389
0.694533
-0.238167
0.680337
-0.231222
0.664187
-0.219611
0.636482
-0.206111
0.603208
-0.192000
0.567269
-0.183889
0.546102
-0.171556
0.513242
-0.163333
0.490904
-0.149778
0.453368
-0.130000
0.397148
-0.121444
0.372340
-0.110611
0.340544
-0.104000
0.320944
-0.095944
0.296875
-0.092722
0.287193
-0.073056
0.227501
-0.069667
0.217121
-0.057889
0.180862
-0.052778
0.165048
-0.043278
0.135543
-0.037611
0.117884
-0.022500
0.070627
-0.010722
0.033679
0.009000
-0.028271
0.015444
-0.048501
0.022833
-0.071672
0.043167
-0.135197
0.045889
-0.143665
0.061556
-0.192180
0.075333
-0.234463
0.081944
-0.254602
0.093389
-0.289199
0.103444
-0.319290
0.111944
-0.344479
0.121500
-0.372502
0.122556
-0.375577
0.130222
-0.397788
0.135778
-0.413740
0.141889
-0.431141
0.147833
-0.447915
0.151556
-0.458339
0.162611
-0.488926
0.177000
-0.527845
0.178278
-0.531251
0.191667
-0.566406
0.201889
-0.592576
0.211389
-0.616349
0.224722
-0.648784
0.241889
-0.688861
0.248778
-0.704386
0.255222
-0.718612
0.258389
-0.725495
0.265778
-0.741273
0.277278
-0.765034
0.283222
-0.776926
0.287278
-0.784884
0.290111
-0.790369
0.296056
-0.801671
0.308222
-0.823928
0.311278
-0.829330
0.322444
-0.848418
0.340167
-0.876559
0.347222
-0.887011
0.354167
-0.896873
0.368222
-0.915522
0.374778
-0.923612
0.390944
-0.941882
0.408944
-0.959363
0.427111
-0.973897
0.431000
-0.976597
0.433500
-0.978256
0.439611
-0.982058
0.457055
-0.990913
0.468333
-0.995056
0.482222
-0.998441
0.492833
-0.999747
0.503611
-0.999936
0.521611
-0.997696
0.531111
-0.995227
0.539944
-0.992137
0.550945
-0.987220
0.567222
-0.977783
0.581111
-0.967709
0.598500
-0.952502
0.606722
-0.944319
0.624333
-0.924679
0.631111
-0.916363
0.641389
-0.902961
0.649444
-0.891798
0.664444
-0.869495
0.678111
-0.847493
0.697444
-0.813710
0.712556
-0.785209
0.726944
-0.756425
0.739333
-0.730401
0.748500
-0.710431
0.759389
-0.685945
0.765444
-0.671979
0.769555
-0.662359
0.787778
-0.618409
0.799055
-0.590183
0.816444
-0.545224
0.820222
-0.535237
0.823944
-0.525323
0.839722
-0.482518
0.851556
-0.449631
0.868056
-0.402747
0.877167
-0.376386
0.884722
-0.354291
0.896333
-0.319952
0.910111
-0.278656
0.914222
-0.266229
0.932611
-0.210130
0.937833
-0.194063
0.949389
-0.158330
0.950833
-0.153848
0.970944
-0.091154
0.978722
-0.066796
